1500
1936653106
-690070731
1482611012
1236014340
-1134072751
577562739
406032439
-1909446289
1134901730
925231552
-780281306
1685863343
-1124653677
1861613008
2093448540
-721242296
1819666575
1321188948
-1680633296
923590367
837380079
1082367323
363695770
1811526212
-924304271
1722291445
845477640
-1971933006
-1120173721
-1218960103
-376256398
1292630869
-1388568847
-1898538040
587394987
-1259758581
1031668590
-738999439
1940742650
1283191918
-1653538769
-2067459177
533703401
-1725327086
-1561969299
-778778704
-1498348708
1761418507
2112125309
-1158053808
313017828
1411486129
1982105409
-1000058234
-1986243499
-1690255706
1530052577
-1468667514
-861093227
1597920792
-1765188677
-296640888
842652342
1690020163
-1581062505
-1053840658
962612807
1384358201
-431799521
-606218068
-1032967961
-977862683
-2136411763
-1158654748
-1306798054
495791436
1807715749
-2141550385
-693281697
1929254166
1053276134
205659364
734852993
-2098341811
-59253252
928811570
-2060325843
465262435
2086442616
-448143855
2117804740
-576792455
-1690926142
-949644295
-1496397966
1347833310
-1235291571
1018210737
-246598273
-1133444907
-1860458995
1074155947
-1552497691
593798299
-463631578
-318838866
-1844885727
-1414392409
-1192411675
-738522187
1708350541
-301971149
-1262248461
1225459479
-1907830418
-1720176389
-1787043641
-1643847705
1787084555
-1189832892
-1095772324
6143645
-77912322
-1656408289
-1830397148
-1786672651
417672333
-1384868626
-70838725
-1498555114
-116377156
-1879811289
1103502047
-704398345
-1268144676
-1798553769
-5439968
-1277842946
400929127
-853298326
1921935827
-1016199447
1056566031
-440473816
-1374922292
1541658097
1179669012
-1416897022
-693602229
-2108533972
-1780889131
230989071
-1554428490
824834866
1314632362
-1242057392
873871240
-1298667261
-335692816
-1416057285
532109961
476753448
437928804
1926108279
1202062399
1487538455
-2048600652
894120163
112013220
-645325349
-1969249197
-1805669412
687939864
1739658484
1146225804
357015743
1905282456
-782482309
-1434498086
-1066736212
1662976304
1838696330
478059894
-1578988659
1708292270
-611866662
1779006768
-1182279082
-85499240
2011299244
362822530
1933593998
2073754463
763079149
-524251423
-1720822515
1292712147
1720487572
-992219562
-2086216186
-1537885990
2113890638
1153466701
-146282425
57435996
-2004241315
-1979664211
915188671
-870183039
786837949
1712514344
1233130048
1635011614
-1953856376
10706643
-621377146
-1001682068
550665370
-2128014855
-1899728520
-831972870
2132932728
846562603
2113317549
-1070176028
-1356299923
-1460228965
1311181105
-746192059
-377485835
418520746
-362893432
-1318459671
882005599
-563708482
1251251698
-1152764857
-1303951443
-440849575
-2097757712
-90019411
1656201406
673421414
-636423673
-1636131395
-163629650
1513408214
1019986371
1159032087
-1442130563
-1561276309
-1385461250
-224227497
-1394283026
811697875
1600553313
-1101969599
-389150287
-1878490888
-111288021
-1659035077
1729924291
936651158
-654437839
-1469924613
-1699654891
-599874803
1581655589
619803520
1418007915
1398183032
-453566182
-248882619
-861095801
2011116541
-1611671737
-586436940
724626054
-189390234
2067948298
2030811352
720876169
478342128
991721264
-946018217
-2084252009
228409955
2137788787
-866095458
-1723843647
-883669918
717115715
-2102671267
-1170234234
-1382914556
-294750519
1448667702
-410816135
1669254818
-1156100568
-987757392
1777092640
-1367982094
1520012037
2134184817
1613349919
767744596
489543753
-757945428
692098710
-501525908
-584998875
-1157710376
508082118
526871536
-1991651242
-714260830
1084919546
751881666
1160191657
1227877155
1428960420
-469466303
594252225
924949589
-1248972091
-637878565
-1270263272
1223613891
-192321646
1927262694
-2131818685
-209405057
687205972
1091669424
152454521
-792069287
1593651855
299172308
-1563635883
1377187149
-1212706458
-2103260209
1877585882
-333611204
985148733
755379154
1949003960
-1522622497
1074780064
-1104325928
856486093
-1148388104
-1099287198
1472863739
1630707438
2010036425
787906825
-1561152765
1797922022
2033889994
1061130089
546755136
1716686526
172580757
1034746510
-1491603047
-2124146114
-861492187
759273183
517960932
208755380
545415231
1447663231
-2119198857
-1935291149
-1386236881
556596982
-954148098
581990302
-413397577
742479120
-1115222130
1945785254
250615876
347054853
513165562
-1430505200
699247715
-198034215
1540445541
1744851963
-1280296334
1673520901
1565559064
1490511329
580693146
208683863
-2029456491
-1245030628
-815205380
-1103124458
-358002196
1024777388
-84757206
1444332905
1201885772
767440439
-1779447848
-1008943880
-447939364
-1485748144
1715109330
1956679635
91182539
1497732859
1831265585
-1638857070
-1789621083
482272368
-475170359
675837886
1639533800
-2107541473
1024129509
-1872490385
-1138097193
1049973236
-566472138
2108982070
-1618071667
544394716
1136186631
441467196
-1288631468
-591955066
1178349749
-1683119701
1622682935
-1781911954
-426452642
107846476
-1351751467
44141078
1182980568
-1914309520
-145847433
1238404758
889077733
1799621908
1302644069
-1204754089
1710987172
-1978685633
-319630219
333123099
876096073
1919373743
-1079295004
1486380095
-1107364848
-758753100
-1441442456
-1694772156
-1754102418
2109628762
-1863948411
-686677621
-319339639
-1978854707
1490742559
-949879713
974961642
387478009
-47265200
84027449
337379185
2070074224
947792507
-1575316930
-1913898871
-265189487
1117070241
-243641333
2119037083
598713573
-1757037838
138714805
826325191
461935820
734076583
-967650805
-2057426479
59524696
-1838536434
1728726045
231763801
-1867961480
1306820838
457735426
-364260785
-1767480231
-1937446164
1307634388
-1295649116
13286664
444375221
-1814867457
473219141
558063963
73580734
89292219
414847812
-85497071
-228840511
-1062800170
-651369640
-484200904
391340873
2131867318
-1590475129
1621911502
-591970936
-1441839970
721452833
625521323
-2091875736
-405046480
-292212496
937813661
1647035871
479920178
28390828
106907092
1855329159
-678999916
615105716
-163013504
1358970733
-842630479
-1806835205
-539969864
-1819938776
-1620528939
1026443328
2142949533
-585976275
-1298636801
1077756545
-1682152257
-1326398366
2107893479
1594763441
830405823
-1556996624
1851951426
-700222552
1515972660
1209945437
-1932043453
-1841980326
2128739794
-1797523239
-1810308763
600586827
1402194633
-1020336169
531392615
-1121577662
-699476886
-1231532577
-1863296616
239345212
-139276272
397438626
-668922028
-1799978077
-1075186371
-395448498
2067262926
-980790081
-257831421
-629118685
849134606
162097260
1763060132
-1524035258
-1398949571
1774549773
-888793732
-2091546155
1830963744
-889014336
444923935
-1032966085
55712482
2433235
-1122473282
1334475972
-1422876395
-1488483467
1756679374
-1059895437
-507844102
-1185275216
926060010
-855374317
-148569856
-233724522
1224620536
679040907
-2002208118
1540347066
-1470803061
-1756598154
1244653301
-1767849246
-1751947128
-1008714509
876622297
451935482
657018123
977161144
338637198
726908234
85106827
1206834797
2013883121
1140563435
2117861691
2128116535
-721466009
758349431
-728854093
493452178
-1294505183
-264072961
1887155407
-1609198493
957706657
-2047229375
1294869463
-1924086963
393848445
1539567898
-382483744
115379522
-747312029
-1573017287
1153816433
-2031969699
-1284926372
-1769908971
822838632
897628911
-11436204
-1464853728
-1291012578
-1825068585
283530201
101636668
801754569
2081890327
-1410282461
-695076498
-816917726
1337396643
-1909432236
-1809187119
954133831
-385414278
-711143168
-1597103668
-725656607
-170239238
1205294574
1986088071
-554218103
-1453062544
918123808
-60735334
734804071
201062126
-2142517744
840356615
-786917092
-1228991647
1280255292
469332842
1628781537
1479130338
-1020847132
-546868626
-771001360
1089289292
563904530
66567043
82371874
-1825180402
-1629777702
-1262422579
1897120729
-1147047615
1988170467
-1858256801
1214820127
662739708
-1279381211
-1808728664
1228507407
-655116569
-1127012877
-227646931
-273223309
2083714062
60616764
-1430865288
849626798
53454071
418552077
513121359
-87011108
-353929739
-514667175
824276777
-3474633
428094654
170577916
-2024785955
955432892
-2097676997
-1676933123
88470428
377137421
1282334623
-1615483117
535744033
-726397287
720131003
103572586
563384102
1928687353
-134476401
661759910
-701261031
-919991139
-2050816221
1141473320
-262520049
1772892327
1127666584
329045135
-996630535
449198102
1057918841
-487901567
389442837
-900411609
492962390
1831282346
-1186490970
-1597571337
102811027
352589060
-1634768410
-580980372
-355171203
-2006081191
674082619
643862358
-1916884579
324263941
1209008041
319380688
-728560303
-630151424
1104489608
-1392560148
1528199575
312878875
2121767030
563731854
922818348
-1126738550
-1276199794
-1555736424
200415189
-316741214
-2008593191
-1099317433
490942971
-1487801630
-1951092732
-156835108
23052669
-1643689161
-1911177645
339268990
271360449
-450008709
-846070827
-3904930
155915532
-238266305
-1802255911
-1783032804
-1059959533
371840201
-1732834400
1810351465
-1228904238
1482807903
-1047799213
-721111060
1075641243
-639230522
411460663
1883520361
-1781239439
-1669645051
577143582
-1835991264
-2047548266
-579688594
419632672
-975417485
1298806882
1582072286
-1308800373
1341092298
65047893
584911683
-827654121
657390778
240214640
-1799010978
-1966687138
1328527972
-533661760
-1027152439
1164370314
1259252507
1685505594
74961723
161815631
242486857
1075126478
-1738951925
-176538341
-1572629102
-1675537739
-1885451534
618786956
-42326471
-1204891890
1076476692
815598370
1876675779
1920288168
2129646657
1646287925
1629144793
-1803374303
-1831203209
1957248041
776652658
-1246252497
1731716011
-1521464865
385997105
702401597
1284739784
881199982
-1782938869
-821274823
467767032
-1980996078
841028396
-871744852
-492757215
1396384100
36713499
-324549110
854127025
386722251
916402203
1433221707
-1597855586
1616217650
1785104084
-1464870726
-85679704
1712927995
306559283
1709738764
134840033
-1610062798
-1837142131
-1773897549
1746482030
1126316293
-860922358
-1608966796
290429071
213097075
-1477473472
325760310
1774767836
-449858748
1354292510
894243101
1704718288
-893771976
-29028341
466889175
1295045515
-1677052029
-1628013490
30081845
-687477037
-86887817
917261743
-1648577283
1340575067
-1202976125
791679326
1413786878
1693051976
1916362843
-1236025836
-10977693
1200355568
29543544
1160092280
1015992908
-561989660
-1552526397
-233724477
411848090
1358534704
-949226612
-2095159642
-419921910
-953403680
-309167935
-1074969494
-504745851
-848144698
-208267685
319082073
450599605
2013991035
-1695191269
-1855089316
2133619163
-1871675742
-1779366282
1427143653
1816181983
-1700435341
340544717
869244942
413720488
85113975
76987104
557925378
296773037
12891536
791064708
1971738780
745955788
1045705788
207030932
1328320077
-1735690406
-1916237286
187933733
-626651070
-1656823686
1501734316
-1479526660
1709133253
-477821518
1577751645
-1538764988
1545434594
-906528069
1453629638
1545487995
198609230
-132680553
-1725722324
446331309
131999364
1727597801
-1899902387
-1456787739
223376433
554624640
1680038492
-1244078625
978767314
-1506605260
1010774088
-219557886
-1787292006
-712836363
957219652
-754234484
333502104
2037552160
499232387
-402276849
-2060614119
-1529225964
-2127559357
1080334875
-1090278582
1593315077
407397133
-1311646660
-1469272542
565092879
-1340376006
91253542
380601982
903137934
-512675143
679462702
-376133491
1723135916
1163948814
960937212
1037161325
214640442
655973789
-571863169
-2012109290
1509171908
189939752
1403997472
-1008394633
-1146422817
1573659541
276513849
-970234146
1140018628
-1586761228
1499384520
73307548
1550074402
1538357441
2130431327
2012889832
-1448007889
-517616795
1589107039
-1994712829
1716138239
703515138
-1521445275
1539621533
-1719611367
-196226961
532275971
1512954743
1128300359
44814721
561285298
709347144
-1004135763
70607500
-687359225
1337103076
-1278405603
1177385769
-550054363
-609533029
-859105111
1095101752
288362611
-1400555297
1011350393
1303959848
814224269
-1272609751
866712029
-1563516299
-190730113
-2097063140
581151909
1731209330
660611888
1234110441
545143472
656230216
1509267740
-1490355211
965189826
-258218690
1569124165
-647436103
455877275
-1942745030
460905323
1004733162
-759744188
2131881863
-708184966
-182987815
1914016427
1907264983
908086851
990461211
-1208027534
950845324
-915891090
-1068133780
-1491524605
-1800951502
-1320152913
-1297224240
-148767257
226798160
63006776
-1139072517
-1119840680
1588768864
-970924946
-743117070
-1568542444
1205679642
-443946274
1585798385
-1434481037
1362719480
1779247218
1485595023
1702564795
-491786
1209766879
-2039074017
-2112117581
-288264550
875567969
1020849753
-256982411
1547873075
1084180906
804549178
630702984
-1537602715
-1887416809
960075304
-810141394
717713380
841077797
-1400103336
1799149049
-604641154
1336958498
-125496716
787982756
1294181727
-1260710105
154229367
-1298545121
-734971760
161435717
-2044541477
1972871659
-1536889920
-1741546243
963109110
-795554904
233254471
58901237
123813025
1556136683
-1500946585
-1404571415
363924506
367528533
599292116
741667039
1810644267
1522255584
-1953407626
252922270
964849291
-198999940
-1507536788
1280344928
1673816195
-846080038
206919764
1884750790
1397160916
1854817670
664376009
-1895549685
-1822790953
1311979067
26328108
519924860
-2027110170
360781938
-66621529
-1815591897
-1330660358
-94621893
-841292945
-1180541998
465644693
-1005306288
1339106632
1969206575
-291573790
1353868135
1634409294
190193484
-979507174
-1187335992
572869873
-1781570224
-575826136
1876188446
-755189696
-186436508
-1918353521
-291201903
1595225963
-1976242962
-1274433653
643135251
-48088446
1109447428
2074417782
-1056755719
-839198333
883380767
-1064000403
1189089998
1271825042
-233027570
-450657229
377993572
-922761078
-175404242
-1491214508
553131819
-369158732
-937222184
2130691213
834147781
-1160296747
-519646951
-433133461
-736629031
-876973459
-218619736
369166385
1207070502
805134398
276349460
285939454
1881235163
-1529580278
918361405
559126831
-1002812634
-519235935
2066174980
449106433
2069712139
-1188377574
1297835846
937535355
-668407434
2080349792
1015453445
160063626
-2088542574
-1756660496
544573928
-808672915
-1642401189
442936032
-775534619
1804356179
-729541006
985102370
388707388
-1786176447
-1728744145
1123273482
-1550896474
-249608135
1292844028
-952943091
-247829554
375344280
-820234528
215930314
605709568
-1577335617
-1911516838
181900110
-1874370785
1884425974
393433200
2080204435
-452185892
1035791500
1872550406
953435466
-1621815260
934182978
1887837555
1956473306
1270677210
2046906088
-1157025455
-619250009
1069076166
-926538168
1663924884
-1233864297
-170266420
-87093693
-1490636579
-850908207
-1038974112
-896161734
-2091953136
641190343
1938248761
337485999
2027710243
802156406
-116143804
-1118169301
445744185
1302947052
-1217469221
-1649991583
-140927505
-1512757494
-484452042
240567955
-367394316
1647671435
-2140938463
1684220980
442134750
-580354236
1057899503
1347269838
-1179230404
1382609325
193389230
256727077
1865987047
1431148703
530218139
-429096035
470063005
1389930847
-1860983592
-1621545512
1153640911
-1877722150
-1203096740
-1515192157
1752641209
592011570
1765962538
213237010
-1986721101
1752407673
1842642885
-1358938648
1833868999
-852832325
971474402
-440222659
-1410868606
119125825
-1420567713
176634458
-991815921
-323502828
951722611
1046034663
-2145808511
241214143
483191847
1526995527
181504623
-1370673319
1634569733
-1337337789
1516308677
-325314622
-1227612402
1444736997
1727729113
-1983207636
2047201264
-1473075290
355128508
-370086947
1650201208
-1930357813
88966866
1846373426
-485342139
-1139901173
-1294448731
1927849958
989253822
1986923893
450013685
2128144788
2092432965
1394599824
-1495604717
1429417082
219404972
-1691808829
160057710
-1078060417
1555430119
2031726583
-1754921106
541615734
688194051
952036730
233894784
114558628
-1395842218
1353115942
-1775172495
-1612967041
-1361832968
-1325606462
-1572085505
1515409080
-868868239
1001689255
1677944237
1918211708
775115699
-1621923674
1830040535
1818675445
-1173424054
2048835368
1342545413
297655318
-720190255
2102811543
555451779
1086533016
-504722776
-1314690819
-1458569936
1104498495
1856259555
1430971881
792970646
668455777
-1628714620
-1942180199
-2072906181
-1169957464
601389805
537298261
-1964742602
598375446
756469903
1548008728
-756304380
269814857
1168017383
295725686
188146844
2058367232
1270990507
-2147139911
1507068352
1441930205
1752210240
1186427212
627344277
-1254805652
-2024828818
278158172
732206453
-1496564381
